(
( 0.08444611118482039 0 0 0.08444611118482039 0 0.08444611118482039 )
( 0.1291356309303752 0 0 0.1291356309303752 0 0.1291356309303752 )
( 0.15322169503227318 0 0 0.15322169503227318 0 0.15322169503227318 )
( 0.17022708668465217 0 0 0.17022708668465217 0 0.17022708668465217 )
( 0.18351814524532023 0 0 0.18351814524532023 0 0.18351814524532023 )
( 0.19449239722279282 0 0 0.19449239722279282 0 0.19449239722279282 )
( 0.20387289909296785 0 0 0.20387289909296785 0 0.20387289909296785 )
( 0.21208503939240933 0 0 0.21208503939240933 0 0.21208503939240933 )
( 0.21940138376086096 0 0 0.21940138376086096 0 0.21940138376086096 )
( 0.2260075957984371 0 0 0.2260075957984371 0 0.2260075957984371 )
( 0.23028185973440038 0 0 0.23028185973440038 0 0.23028185973440038 )
( 0.23203611552247122 0 0 0.23203611552247122 0 0.23203611552247122 )
( 0.23758488913601936 0 0 0.23758488913601936 0 0.23758488913601936 )
( 0.24272848735000277 0 0 0.24272848735000277 0 0.24272848735000277 )
( 0.24752505659063642 0 0 0.24752505659063642 0 0.24752505659063642 )
( 0.25202085253331347 0 0 0.25202085253331347 0 0.25202085253331347 )
( 0.25625330264975643 0 0 0.25625330264975643 0 0.25625330264975643 )
( 0.26025313748551177 0 0 0.26025313748551177 0 0.26025313748551177 )
( 0.26404591213180206 0 0 0.26404591213180206 0 0.26404591213180206 )
( 0.2676531166345398 0 0 0.2676531166345398 0 0.2676531166345398 )
( 0.2710930022292216 0 0 0.2710930022292216 0 0.2710930022292216 )
( 0.28762521227328064 0 0 0.28762521227328064 0 0.28762521227328064 )
( 0.30006839702324356 0 0 0.30006839702324356 0 0.30006839702324356 )
( 0.31079483189359863 0 0 0.31079483189359863 0 0.31079483189359863 )
( 0.3202389460021448 0 0 0.3202389460021448 0 0.3202389460021448 )
( 0.32868670633118297 0 0 0.32868670633118297 0 0.32868670633118297 )
( 0.33633677218788705 0 0 0.33633677218788705 0 0.33633677218788705 )
( 0.4213523893050477 0 0 0.4213523893050477 0 0.4213523893050477 )
)
