(
( -4.844511044002415 5.932814943471559e-16 0 )
( -5.9907771868628865 7.336586106296619e-16 0 )
( -6.525597067946361 7.991551561785864e-16 0 )
( -6.87819455826008 8.42335894968595e-16 0 )
( -7.141667533521044 8.74602028550112e-16 0 )
( -7.3521005428659265 9.003726396830274e-16 0 )
( -7.527311215968055 9.21829758682125e-16 0 )
( -7.677417177110491 9.40212437166727e-16 0 )
( -7.808719166460185 9.562922932646054e-16 0 )
( -7.925408213485279 9.70582580058089e-16 0 )
( -7.999999999999999 9.797174393178824e-16 0 )
( -8.030413642391988 9.834420362984586e-16 0 )
( -8.12586364701498 9.951312905624732e-16 0 )
( -8.213353169654653 1.0058456669484337e-15 0 )
( -8.294108401632345 1.015735330584022e-15 0 )
( -8.369092368112954 1.0249182180378071e-15 0 )
( -8.439075234112112 1.0334886473219097e-15 0 )
( -8.5046825950759 1.0415232317823906e-15 0 )
( -8.566429539322671 1.0490850515452844e-15 0 )
( -8.624745234165482 1.0562266644482147e-15 0 )
( -8.679991033278279 1.062992323553197e-15 0 )
( -8.940742746473523 1.0949251986468715e-15 0 )
( -9.13209145299677 1.1183586567433395e-15 0 )
( -9.293879068398402 1.1381719252776687e-15 0 )
( -9.434028779849909 1.1553353148307201e-15 0 )
( -9.557651540733037 1.1704747366724482e-15 0 )
( -9.66823724648535 1.1840175797305505e-15 0 )
( -10.821385122090252 1.3252374652108616e-15 0 )
)
